aftPerp: 922.502675
hullLength: 930.256656
